-2098727779
-2092786002
-2076592319
-2035459460
-2010227739
-1993280655
-1982246353
-1955487767
-1771138215
-1704483713
-1676351807
-1564412401
-1562150753
-1516142143
-1502967187
-1407303606
-1297799102
-1291458825
-1282882401
-1205286318
-1199706776
-1135703977
-1100686923
-1073770346
-1045726885
-1044836792
-977112603
-957402314
-915702746
-901922702
-879075032
-837005614
-786770213
-707333053
-706633522
-673345926
-666310761
-647651338
-627406914
-618721012
-510162987
-509665189
-495232790
-491098201
-471348772
-348693544
-331855119
-287183690
-276498890
-202759483
-197135667
-183512204
-116904332
-70650945
-5728410
79955594
99041798
143954362
232529951
264689969
287379007
359980440
430819346
495163950
691660601
735193352
821960796
859414497
891622195
909140789
913369205
1033013930
1040505411
1067947902
1080514332
1143189561
1212162892
1308015871
1476051527
1530457381
1561513961
1567724452
1590687610
1621870918
1643333668
1644502473
1648545861
1650918199
1708856699
1739291013
1750621475
1754321494
1786701726
1836785146
1866361051
1904504072
2022795035
2029937623
2057552914
2123895612
