-2147362439
-2136379835
-2130771626
-2125658908
-2121407585
-2115497705
-2115255902
-2114729886
-2110218830
-2101821689
-2096599380
-2092131797
-2090477993
-2088607793
-2083423875
-2082738496
-2079875322
-2076238241
-2056357699
-2048941311
-2042222320
-2036624968
-2030789440
-2025897136
-2019769158
-2015833822
-2004013598
-2003992637
-2000915752
-1999965137
-1990851999
-1982690234
-1982547909
-1978113036
-1977114001
-1973976505
-1972168548
-1959334228
-1953798322
-1948776432
-1948621151
-1944112509
-1938259425
-1937685128
-1932458858
-1928253308
-1928075327
-1926345409
-1920628420
-1920123492
-1919465383
-1909518300
-1909376313
-1908529531
-1900177285
-1898320005
-1895330085
-1894901679
-1886101957
-1881002258
-1873674042
-1865524701
-1853901436
-1848891890
-1848889576
-1846554251
-1844080846
-1843939905
-1842870264
-1839660390
-1833807930
-1830798575
-1827423743
-1824441128
-1821550600
-1820957650
-1819949571
-1817784675
-1811884626
-1807530965
-1807364179
-1805879093
-1803623420
-1803028281
-1802771584
-1793557157
-1783055099
-1770405276
-1769324123
-1766975774
-1765537816
-1762453492
-1752255414
-1730894800
-1729852726
-1725506072
-1722215105
-1721633086
-1712256813
-1687437907
-1686368675
-1679270117
-1671788267
-1671369301
-1661124331
-1659398969
-1656846470
-1656594972
-1649770155
-1641773549
-1641056862
-1640704077
-1640272555
-1636105221
-1629821439
-1625474036
-1618349204
-1617943588
-1609853193
-1606329404
-1602192679
-1599741508
-1598422912
-1594201918
-1592799376
-1586738582
-1586429165
-1568263689
-1561574498
-1560462206
-1557986537
-1553012042
-1545297142
-1541613213
-1536760291
-1531089681
-1529701386
-1525779761
-1515270570
-1509337530
-1508399512
-1506598858
-1496514100
-1496060812
-1489666067
-1487509428
-1479477772
-1477478405
-1477190705
-1471776176
-1469957637
-1463050205
-1462247732
-1458458046
-1457905749
-1453153660
-1449732620
-1436221322
-1436018976
-1426746740
-1426132327
-1425987795
-1421269650
-1419746795
-1416229953
-1409744994
-1409178595
-1391057232
-1390935987
-1381805944
-1374936594
-1372642192
-1372103323
-1369984664
-1369080374
-1362340726
-1360510533
-1357602570
-1357489066
-1350935989
-1349564891
-1341869261
-1340086129
-1337751022
-1329048916
-1315547853
-1310913352
-1310248931
-1309024397
-1304514200
-1294210539
-1291873577
-1280091357
-1275958070
-1271009085
-1264304049
-1258263192
-1255884393
-1252013116
-1251067485
-1247754716
-1246697735
-1243752445
-1236827422
-1219580537
-1217579899
-1216465729
-1214998066
-1213436258
-1209619357
-1207644018
-1202930727
-1200797702
-1189589417
-1188904961
-1183999294
-1182912095
-1182619156
-1174699032
-1174681334
-1173706330
-1171925157
-1167658014
-1162801091
-1161825306
-1156335621
-1155331411
-1151076487
-1141290746
-1127646908
-1122092735
-1118008885
-1111558785
-1107925565
-1106321239
-1100004451
-1098523808
-1095479270
-1094830499
-1092774444
-1092195646
-1088049032
-1070150001
-1068810204
-1065079744
-1060237154
-1060033826
-1056812395
-1056158252
-1050094864
-1049279303
-1047919712
-1043988182
-1040572829
-1023568092
-1020167657
-1017717446
-1015605894
-1014654687
-1010480307
-1006884231
-1005402017
-994509804
-993112180
-990920657
-990829646
-983671085
-979557879
-979174712
-975258752
-974670410
-970734907
-967507806
-964806512
-963280026
-956869891
-950398391
-938159613
-936000655
-934300670
-934076019
-931544343
-931508387
-928872178
-927228995
-923925984
-921802254
-912158504
-911112206
-910415850
-909833080
-908657773
-907483048
-893495471
-893402329
-887729304
-882600633
-863084432
-862786686
-859739524
-844963273
-843592160
-840610643
-840449153
-838683227
-837204390
-835073144
-830332753
-830132387
-815146729
-813011028
-807865756
-799360717
-798256099
-795719417
-788012678
-773813701
-768840223
-767917568
-767736077
-767658006
-764966503
-761411337
-757073679
-749032624
-745352923
-742164666
-737999728
-726345982
-711556171
-710434890
-701047487
-694654178
-694036016
-693373927
-689613550
-689443223
-685955471
-679778257
-678926573
-664770759
-661082524
-652831431
-649679426
-646074890
-628517786
-626511683
-623831206
-621466308
-618613682
-617431710
-610021619
-600610726
-600410348
-590433960
-590370293
-588345966
-568997212
-568329906
-566536654
-563535073
-559285076
-550297845
-546563406
-546545167
-543606448
-536482579
-532117192
-521797369
-517470053
-508469299
-507927101
-507768494
-504089836
-503879207
-503101349
-500099065
-499771319
-497994679
-488267387
-483132578
-478813968
-469760065
-468428081
-465895926
-455490847
-453968022
-453558179
-452609320
-449045879
-448749874
-447141521
-429381993
-427669589
-427387798
-426056553
-417324490
-416088102
-414928905
-411166142
-410560283
-399132028
-392640661
-386350528
-380299246
-378808621
-375171216
-364174776
-363804623
-324440787
-322340794
-319942466
-316012170
-313545372
-299412139
-297628001
-294692685
-294376431
-293067893
-290770076
-282448387
-280140818
-249353144
-248796931
-246566856
-246112207
-246108683
-245696391
-244294856
-240923000
-230985346
-215941732
-209289972
-208544423
-199410588
-198859673
-192764513
-189989271
-182194376
-181773874
-177263887
-177108763
-172065214
-167962568
-167365472
-161438293
-148954196
-148402341
-141439081
-137153691
-135774278
-134270532
-130614871
-123962836
-120936987
-119470232
-118054581
-112269277
-109410674
-107495997
-107163657
-102364040
-96259226
-94625681
-93461270
-93167279
-91748586
-88106697
-87211696
-79009071
-73622691
-71909572
-70967928
-63839041
-63565043
-60956982
-51532091
-44273905
-42738364
-40057617
-31681510
-27493570
-26000942
-20511707
-6266984
-5426593
-2401412
-1866121
-261083
8986706
11874563
17154686
19955386
22623818
25159386
26580005
28247350
30977842
33660268
34255965
34904302
36806919
37962492
41421548
60207758
62499409
65288871
71125466
71532998
78815576
85932547
88751887
90654755
92385666
93433567
97613545
102410019
109827834
112494753
122718959
123514964
127038720
128338258
130561899
134816714
135035715
138316134
140924324
155500011
158940352
164914677
175211809
176307419
179991342
186053612
187628958
196100418
196606723
205922246
209395730
209792318
212935520
220925604
223467693
224513418
228548427
230566481
232779005
235930577
236240690
238532695
242437491
251827366
263215544
263482926
266543873
269405181
274933483
275594633
276345892
279996457
284905346
289045939
296837836
299621806
301329458
308166032
308754631
309534510
309572535
311456819
312098575
313252852
319332984
319968787
320849389
326118940
327030666
328024865
328025952
329816792
330186569
332284991
334572252
346393795
347171457
348756125
353610424
367537494
373531452
375658426
379020213
382054974
385796415
393251372
403311744
406115501
407276239
409945373
423017061
435158910
441388558
442700271
443074356
451087751
455170763
456573112
460824263
469547260
470239053
471817990
474090702
480464406
480522483
482759024
483414063
486762852
488022400
490253904
490672118
506131872
507080187
507940591
512724806
515448447
515515765
516730423
535005044
551451973
553847732
563541091
569820859
580746244
581221695
589487593
590933002
591799522
592631228
604870858
606134173
613229969
619300893
629958599
636675375
641180950
644235454
644891284
646904291
647528578
650043198
650328122
658248182
658472276
663503818
665239199
670598576
676738634
678841814
691942907
697345790
701075021
707289494
708834955
710152939
713052849
721254623
721557717
725757789
730720963
734171726
738091277
739147669
743926548
760806236
761334725
763937940
765726041
786249032
790222495
795799968
796104478
797330189
802526331
809414733
814414079
815899824
816172530
818953478
821204970
829858516
834466845
835457111
836627044
838396006
842507280
844930070
846660514
857325286
861191668
861939251
863109239
863741057
870942627
875176952
879598973
889928026
900491239
903850943
907352386
916156784
918913623
926642987
929808316
930551690
933998746
943338038
945953440
948562667
951522314
956338553
961357019
969028749
970000633
974057204
975040843
982860340
988573768
989269313
990007086
990385873
991790630
996640413
1001585653
1005460935
1010953711
1030879950
1033289083
1036182762
1039901894
1044073697
1049900073
1050521546
1055012998
1057968927
1067113099
1068464722
1071399257
1076774057
1081042414
1094690862
1097359833
1107692564
1107826401
1109120453
1119755434
1122903021
1129680918
1132140673
1137963149
1140182241
1145572548
1152304283
1158554525
1163601299
1163805279
1168650940
1169158957
1170166157
1174703915
1176277525
1177425624
1179361231
1185350701
1202102203
1208676865
1209372522
1218042140
1220039221
1227539028
1228895436
1229133057
1229633896
1230033546
1239540301
1240456981
1245708934
1252564769
1253846646
1255875424
1257015335
1257979191
1259715928
1263920460
1268648613
1270888686
1278151005
1287033670
1287068755
1291807575
1293479173
1295219494
1298417334
1302175043
1304546893
1305806020
1307751933
1309462350
1309467803
1320874124
1321287765
1321640551
1330311916
1331834293
1341129604
1342736063
1348605311
1349147563
1350842315
1351752282
1359223787
1362661471
1362958709
1367210674
1375995739
1379343341
1391609392
1395845389
1399382259
1407507145
1407778669
1409397216
1413002336
1415795276
1421856415
1423017035
1431677411
1433863567
1434803296
1435918765
1437651434
1438589428
1439588474
1444679410
1444977227
1444995630
1445561686
1446497548
1447510643
1450731808
1452577457
1454258075
1464312688
1466525030
1466738988
1467258642
1479312216
1490572660
1493398457
1493559106
1497555994
1500585317
1505537659
1508057611
1508320921
1521318100
1521696044
1521848893
1525151968
1526409170
1535321578
1536768290
1541115247
1542596375
1546549901
1547824123
1550260954
1553282310
1554239651
1559253334
1564249934
1564462630
1565509663
1572368498
1573447224
1576419127
1576419201
1579051702
1593669247
1595235948
1604584485
1607644432
1607715053
1609941155
1618028445
1620681112
1626452932
1635242799
1637381607
1639244600
1640823925
1649471178
1654264072
1655185841
1658698726
1667281894
1669856964
1679485133
1680157714
1687680236
1689598337
1690832571
1693338227
1696056651
1704417324
1711296085
1712728169
1720335393
1737167079
1745743053
1746308345
1748707312
1751723284
1766042896
1770955266
1773229225
1776838545
1784924474
1786390427
1795523423
1797473167
1797879566
1798759593
1804287680
1806307228
1806436446
1819605133
1826641530
1827513801
1830213125
1834233607
1847012392
1848359936
1849003617
1849258564
1850412413
1854829240
1861927760
1867040110
1868165335
1871532274
1876504451
1878327858
1882903746
1886352290
1887780612
1896407049
1901118586
1904812644
1917714545
1918583004
1918954603
1926071998
1932552660
1935402253
1935997292
1937945440
1939635020
1939771069
1942629774
1951975892
1961665733
1966468284
1971846155
1981937833
1983224534
1984437521
1991856651
2010806822
2015119748
2015784704
2015951496
2016822234
2026150090
2048028707
2063850800
2070632088
2076554395
2076634978
2080982199
2102351464
2109504845
2109889303
2119708417
2125088400
2125149566
2125817203
2126449423
2136532241
2137754542
2138413346
