0.0
0.0040127263216408315
0.004771503087918843
7.357997802903847E-4
0.005514252715390197
0.0032109666683403488
0.0038964925455182656
5.554897326952692E-4
0.009452497377980026
0.00453492077011738
0.00322249948871676
0.004204056822416623
0.008875322731277328
0.0064340018637238875
0.003079100115039214
0.004346064031694464
0.003557274178664567
0.008248071146859869
0.006696707632405394
0.005526733925871653
0.0039006891287340075
0.005343897185625102
0.0051930187074726315
0.0014650096160097848
0.0016054871056038413
0.00806861083229074
0.007871003666183918
0.006943485983652489
0.009401828133645644
0.005218902353584098
0.0037114662163741157
0.006882299072445399
0.0017955554270333266
0.001662183799716622
0.004466987669499968
0.005907531933837156
6.613800140126397E-4
0.007738650058802208
0.00803024389904474
6.915603626721121E-4
0.007312565318881976
0.00874085074365123
6.076319674672743E-4
0.008865740187694529
0.008033658508226297
0.005416998070043988
0.006292822484789186
0.0063969465045881
0.008351150973790664
0.004612441649704005
0.006947794851097941
0.006152849459906624
0.0031772710704231475
5.653298705107317E-4
4.590745199359634E-4
0.0033664906663950895
0.004649900613626126
0.0018728349622419659
6.681785991237083E-4
0.003109933569661473
7.811608913313252E-4
0.007115740277864386
0.007236938553679637
0.005321434190960372
0.00693231341223747
0.004264681559649657
0.005152981218283346
0.008713474609682997
0.001362296950701138
0.005900864242422297
0.009274510712296902
0.001283560526096639
0.007172095769688875
8.032636107281625E-4
1.8737657994153493E-4
0.003221198715672105
0.0018121830010757673
0.0030900506420281377
4.852908504229168E-4
0.00743220705942483
0.008192661038690749
0.0038880227340353764
0.004051494742944916
0.006932902719504754
0.008407016324686553
4.4994394044670723E-4
0.006858545476167448
0.009710802036215924
0.009286949415025676
1.7771202748496023E-4
0.003998522562692571
0.0016912584590822596
0.009077506430593978
0.0025945231561865017
0.0058156525073328035
0.0014722292328358392
0.004018917368565389
0.009317979416525969
0.0028896433561838943
0.008777244085066903
0.0015818778147006956
