5.56876635859624E-4
2.6914614576082295E-4
3.3507602374614607E-4
3.045519793215671E-4
2.9018608056398376E-4
1.41431613624511E-4
4.069919862667403E-4
9.62794176309168E-4
1.631229074758668E-4
1.8943773410815638E-4
4.256538782040154E-4
9.556049648864007E-4
7.185731085073376E-4
5.101217076848705E-4
4.902380416318951E-4
5.307679716354302E-4
6.177705265226533E-4
6.338264402160018E-4
1.4978911286427822E-4
2.563984785950548E-4
3.702494372339318E-5
6.073392714794593E-4
2.23413724138253E-6
8.512583268357245E-4
4.4139334206433985E-4
5.771888745321924E-4
9.592388423448522E-4
1.7991389581937487E-4
8.565593819409044E-4
6.127792481926608E-4
8.04969835847353E-4
3.093832010970246E-4
6.660088322414603E-4
2.0087260306562863E-4
5.836471557866152E-4
2.795953863390676E-5
2.869527232660169E-4
3.9269374830295674E-5
2.6301374679708997E-4
3.255131343892835E-4
5.488942352357828E-4
5.407443047541259E-4
4.7103484051654287E-4
9.590149358441027E-4
4.024175492870468E-4
6.877292941866149E-4
5.460522569398663E-4
4.7514201393003184E-4
6.256922746862472E-4
6.848396034868472E-4
1.5243252981362158E-4
5.64152447183535E-4
6.566466812060114E-4
2.4982367624258784E-4
6.436778381089115E-4
1.720450469475738E-4
2.008464605203713E-4
1.747154961636958E-4
2.355867836567086E-5
1.3458010546427208E-4
2.7079532718335354E-4
2.591999031656027E-4
6.709205846204939E-4
8.233188089585579E-4
5.057856489610144E-4
5.812972790875058E-4
4.50140855131828E-4
7.410994735547097E-4
5.592145006397236E-5
5.932015889081367E-4
5.246161685720251E-4
6.233867379064138E-4
1.2532248259466372E-4
4.7479984418736734E-4
2.7951216318086963E-4
3.199499661094045E-4
3.462393448677086E-4
7.429246742481849E-4
7.823524724635064E-5
2.7673354959408577E-4
3.9115901026603973E-4
1.5038386650377002E-4
8.020149950991219E-5
2.276995555367108E-4
9.246773690895543E-4
4.5407669727870405E-4
3.9038767437837255E-4
3.722300367097974E-4
8.744907586002339E-4
8.752042551423789E-4
7.527776369689326E-4
1.2213770015799752E-4
1.1466943382683613E-4
5.510861701961985E-4
6.752551818419188E-4
2.400389838669792E-4
1.8872834958020518E-4
5.888407757393938E-4
3.4579168044534164E-4
8.090213577507073E-5
4.123959592430064E-4
2.9947039220719174E-5
9.592376052438353E-4
4.0968273141712644E-4
6.445975893143548E-4
1.7968469969699202E-4
1.2064741604815998E-4
2.590176621983853E-4
4.1828361977995867E-4
6.813169692015518E-4
6.938927503766649E-4
8.999314088771246E-5
6.214209933518997E-4
8.735524215739733E-4
3.083749524712722E-4
5.771079061665816E-4
8.425487633493379E-4
8.996835642620551E-4
7.615808428243487E-4
2.4829753439395213E-4
5.634592373294638E-4
3.8862693635621076E-4
8.516143146923151E-5
1.953803652659477E-4
8.605703428229338E-4
3.891893288331497E-4
6.366178991256556E-4
2.2653695439375313E-4
9.917916089231538E-4
7.353637957369397E-4
6.198841268785508E-4
7.578706675202338E-4
1.5350504588573782E-4
9.049535161895374E-4
6.26223537848909E-4
9.595444028405315E-4
3.034429655603217E-5
9.82797037223721E-4
3.4418153939660615E-4
7.226746424457831E-4
3.250509814392673E-4
3.5931346300043654E-4
4.564926389420026E-4
2.453060460127844E-4
1.8376210545640508E-4
3.092535474757255E-4
7.037276610304048E-4
1.8747478965820333E-4
6.292032499512673E-4
7.596387408536748E-4
6.446523042928758E-4
5.96054874155029E-4
5.18515669804618E-4
8.373175301290687E-5
9.702310837958835E-5
4.306567540714409E-5
1.1017755756176244E-4
9.35672960382103E-4
4.107076738858673E-4
6.903492333079285E-4
4.049106041253888E-4
9.390362459268601E-4
7.288413956598039E-4
4.345141704221252E-4
5.917704492474922E-4
9.915299228650096E-4
6.246307787344168E-5
4.0890867744921124E-4
4.253126874305229E-4
2.894912349910557E-6
6.113206466006071E-4
7.72928594148395E-4
2.264634199710187E-4
8.845207295212733E-4
1.142971108799278E-4
9.234304792941639E-4
2.347881755950444E-4
6.68120490033933E-4
9.131626534164175E-4
8.041492342388995E-4
4.033066804133683E-4
6.605186740587319E-4
5.955043909613504E-4
4.6424341729662605E-4
3.751922873005259E-4
7.596289138337969E-4
3.9235444433956837E-4
4.991607367747949E-4
3.000689327096259E-4
1.7285968429443747E-4
2.722056949021645E-4
5.735375963945157E-4
3.652818240067104E-4
8.362935109696265E-4
6.444011857489782E-4
7.604131897064176E-4
3.8596480996410006E-4
3.411614714601204E-4
7.313636368440642E-4
8.400799595794917E-5
5.654601069303318E-4
9.733213432797877E-4
3.6995887015288723E-4
2.2097767063914724E-4
6.04667738830089E-4
2.940347910114049E-4
6.212347757644169E-4
8.842389796728774E-5
6.373048249552104E-4
3.965137137011168E-4
9.011308111081604E-4
5.797955446312308E-4
1.1424877618988074E-4
9.108432355784202E-4
4.2161582192642874E-4
6.229854204576616E-4
6.037627794858504E-4
6.564629602220818E-4
6.927419111604848E-4
3.2512660205442776E-4
7.337201948993828E-4
6.47711879799666E-4
5.503406373105065E-4
8.857574605250908E-4
8.131855924315541E-4
3.425798361492317E-4
5.20279408296196E-4
7.336769188256881E-4
5.722544622967402E-4
6.31414457788404E-4
7.40014198939695E-4
1.3301310966348017E-4
3.4461757774601793E-4
4.3527371296160834E-4
5.738383251839873E-4
5.144875526156428E-4
3.9132699719788416E-4
4.281658085379991E-4
9.065602951095781E-4
6.257043528946874E-4
6.065817868735495E-4
8.325566212826721E-4
7.406883825331102E-4
4.971907371762601E-4
7.170806950393854E-4
9.733742065147887E-4
9.944970013247574E-4
3.1496986726048653E-4
2.3225427484063047E-4
6.809206696304703E-4
6.906210001710476E-4
2.07038221883629E-4
8.089387136726857E-4
5.475542679025047E-4
5.180917397952167E-4
2.4916373472650206E-5
4.6264392060654986E-4
4.61879442123269E-4
6.076212771475789E-4
2.626851501563015E-4
8.877820035152403E-4
7.820296535520344E-4
7.566332358649118E-4
3.822115733319036E-4
6.521947662468439E-4
5.375335044118911E-5
6.747480531837365E-4
8.979072524085036E-4
3.194481394802943E-4
1.2085388681040915E-4
8.6904989836767E-4
8.113537886204961E-4
6.005541960218187E-4
1.7401208499924953E-4
6.533418283266313E-4
9.416232851015335E-5
6.204912513594065E-4
1.813510278618099E-4
3.4003439208759776E-4
2.263244064568854E-4
7.891449975340045E-4
9.241788250405938E-4
1.513179819255963E-4
3.544368600868395E-5
5.086355724071226E-4
9.469798364345406E-4
5.156283042324018E-4
2.9326660568947924E-4
8.063150784072157E-4
3.644359312876196E-4
4.240902712098881E-4
9.911684811935325E-4
3.2363516064309536E-4
7.810009321352E-4
2.2530680570031117E-4
4.458241247738689E-4
4.742234412218481E-4
2.7445805317712264E-4
8.392588117592503E-4
7.924708319720792E-4
5.530985818084512E-4
5.806692265980203E-4
6.393856205794355E-4
9.526044195595964E-4
4.782124806139642E-4
6.318929479638637E-4
3.0253033084571483E-4
4.033617200979326E-4
3.447685776307097E-4
6.938133209708344E-4
9.242693475517378E-4
7.305258105805767E-4
5.433521972522401E-4
4.140886293271207E-4
2.5902867960749876E-4
4.1460995457845835E-4
1.4523536281337715E-4
3.665964429830396E-4
3.419379318145733E-4
7.301890937206456E-4
4.1767836451052614E-4
6.841576671790495E-4
1.6204368884291663E-4
4.060278549302476E-4
9.120525096915974E-4
7.836925631928422E-4
7.955621586367027E-4
8.460836632236746E-5
2.140864014766873E-4
2.0035997440955722E-4
4.336465119008137E-4
4.346868953904308E-4
5.56209716802738E-4
7.395248241256576E-5
9.132678261149545E-5
3.256153791370757E-4
8.922290181289955E-4
9.05614061699863E-4
3.2619537023483453E-4
1.7477688729301697E-4
4.625009420985205E-4
7.482136364796948E-4
2.7041896655282185E-4
3.810980775667076E-4
9.348040262423164E-4
1.0159666070436824E-4
2.358362967789636E-4
4.399569255395462E-4
3.538734444527474E-4
5.272081425959977E-4
8.806911964555579E-4
1.4526212968121995E-4
4.486531860949015E-4
9.8762354601389E-5
3.5519659958038854E-4
1.2603764898289971E-4
8.157693111851161E-4
4.607440464041832E-4
4.92315711729514E-5
8.083998158989661E-4
2.862856357235297E-4
7.025205409647272E-4
7.382020267539112E-4
7.684660867021811E-4
2.0531752100528606E-4
7.985393936414967E-4
5.919685082880869E-4
3.329350453878619E-4
9.497730381618057E-4
8.487284488210895E-4
1.3753856244863637E-4
3.0823039087536473E-4
7.832148470688677E-4
1.0361437289065817E-4
7.32529263833212E-4
6.239961940026435E-4
3.168526873881044E-4
1.2505508175344549E-4
1.8041469915773664E-4
7.000277039612205E-4
3.440810677432591E-4
4.109869941302149E-4
3.995423487077356E-6
4.0011742678053286E-4
4.245084411482788E-4
1.1990688291476651E-4
7.989230448965141E-4
5.072402053264694E-4
6.030973902455416E-4
5.850618931472791E-4
4.0334939636703414E-4
7.613920253436446E-4
9.541471106150661E-4
8.136443345208808E-4
9.44280171457067E-4
6.005865169881005E-4
1.5594101934247027E-4
8.387734373185725E-5
3.4739457075269215E-5
9.437027303976923E-4
1.0271208955566581E-4
4.1255252651704486E-4
9.503158030066377E-4
5.734668923495218E-4
7.819503040178445E-4
7.569234677459465E-4
6.100708958604858E-4
8.072802009868379E-4
8.844211819791178E-4
3.0876812261193613E-4
1.7492058116386284E-4
5.563478580209602E-4
3.8085700193190783E-4
5.229296719786396E-4
6.66732756635267E-4
9.82736080615983E-4
2.5845754757858905E-4
1.806075312484698E-4
7.144947420209645E-4
4.728761170926149E-4
8.154450310773683E-4
8.869997887615001E-4
3.491416037235913E-4
8.028513938631028E-4
4.260140895670094E-4
3.413191386876422E-4
3.710347153331406E-4
9.709949356047113E-4
4.674485834182287E-4
7.477739084531879E-4
6.298385987395766E-5
3.6808702945767026E-4
2.866008539239835E-4
8.288782483013106E-4
9.657114339972438E-5
5.596270407488191E-4
2.766234550901345E-4
9.418694229868188E-4
4.3856820650135385E-4
4.056245592671246E-4
9.236918307823046E-4
9.103263999060996E-4
6.358225423594104E-4
6.478208027753469E-4
5.339274843392792E-4
4.350534119812721E-4
3.4184063211896583E-4
7.965801114951113E-4
5.247415434172423E-4
9.326451106413592E-4
1.5725681627790178E-4
5.775514716591383E-4
7.787737220301947E-4
1.486257175599224E-4
8.670484906480325E-4
8.851218837072141E-4
1.662755432556055E-4
7.39743627140672E-4
9.3094065149657E-4
8.155476637274635E-4
4.7186139179141286E-4
8.037886842748062E-4
6.053844106367349E-4
9.51409950481208E-4
3.472594925897422E-4
7.057432139386354E-5
5.204040614964998E-4
8.735089282621333E-4
3.5417658547346164E-4
3.2341077334005264E-4
5.72668287096218E-4
4.984654752112178E-4
2.475285282663872E-4
6.312791352880359E-4
9.232181756656558E-4
6.68161986186305E-4
6.709435540215007E-4
5.599782695266725E-4
6.073744133150787E-4
1.9851127900250744E-4
9.902001839711854E-4
8.267096776280255E-4
6.784411531928239E-4
3.492939024533918E-4
6.492918124658817E-4
5.273753703745506E-4
1.4873825809471423E-4
6.610163594426971E-4
5.036849368676584E-4
2.5934432016574803E-4
8.877563918879356E-4
8.387368800302856E-4
8.817438678319379E-4
3.349579936436097E-4
6.310709382470498E-4
3.8981249048851104E-4
6.676369323641882E-4
5.02771519607805E-4
6.175296941988011E-4
6.060178226463664E-4
5.649168870831289E-4
4.651843124731092E-4
1.3147050228898484E-5
5.211868065992554E-4
9.039377101082234E-4
8.474924804707391E-4
1.8923816281683957E-4
3.7756955691429145E-4
6.994656131903646E-4
1.9269795101691867E-4
6.481198959081E-5
3.000483893271402E-4
3.897800971567861E-4
9.025303923569104E-4
2.648690190088293E-4
8.56144842685484E-4
7.224862471773108E-4
1.8669641629561108E-4
5.09704666890645E-4
3.3999512532718776E-4
4.690652850544978E-4
2.918269397435842E-4
8.050701467862604E-4
6.691561812331492E-4
1.7598313389528017E-4
6.55109123679557E-4
1.4866644798685715E-4
1.1225316313601766E-4
8.226349196767333E-5
8.604398501421645E-4
2.4602193862744467E-4
2.3152160884275843E-5
3.4624126751720355E-4
5.699922252068464E-4
4.5845140162395704E-4
2.408421851750333E-4
1.7211925449678455E-4
1.3679765551797763E-4
4.655371101305378E-4
8.63182660249593E-4
6.258583083456548E-5
7.768866693157295E-4
4.4309227140619496E-4
5.271123177894171E-4
4.3142935482652736E-4
8.714453317935236E-4
4.692376729050922E-4
5.5549106877839E-4
9.909417509986142E-4
1.0757618969817868E-4
6.234061707845077E-4
7.97982215911107E-4
8.672508517706489E-4
2.2218450882084466E-5
7.87286185261974E-4
2.443524844980092E-4
1.907034552814797E-4
7.3351273139607E-4
4.638208040595581E-4
9.743473672407301E-4
6.539193280970098E-6
4.165498307080042E-4
1.9796139582602087E-5
5.203277390249969E-4
6.951488019786963E-4
4.3512457832320107E-4
6.535316998232151E-4
9.855147737939428E-4
7.248498006421724E-4
2.0738860548498305E-6
4.8074657228341E-5
7.742864655976739E-5
4.6878708742343315E-4
4.636459097950243E-4
1.4494704358160865E-5
4.091576253076913E-4
9.828228738823405E-5
4.235072972490525E-4
8.52247983327981E-4
3.485312484114485E-4
9.509475229224197E-4
2.0220989393988928E-4
9.411390940548411E-4
9.505200904266313E-4
6.317682139538348E-4
2.860440482464392E-4
9.548477108568035E-4
4.493156682236539E-4
1.7171355612688336E-5
8.343709782375682E-4
7.049332523963458E-4
1.961439024596911E-4
8.536116653298119E-4
4.13572185270515E-4
8.508790047623487E-4
8.448904012435833E-4
1.1864217185831678E-4
6.710202151599764E-4
9.389586801771518E-4
1.5641634292558006E-4
1.4150952534565186E-4
8.916211833909384E-4
6.763043754017014E-5
5.669545680170246E-4
9.093916161460966E-4
8.608352918858984E-4
1.962526646659979E-4
6.219416463437208E-4
1.511287479102962E-4
7.833770869293272E-4
6.395676698371035E-4
9.223320516393136E-4
6.530410032278088E-4
6.522048735284779E-4
4.043504972833622E-4
3.50460188042078E-4
3.9435271345772107E-4
7.092435362883284E-4
1.7794770455446617E-4
2.315663791513916E-5
9.998541895889653E-5
4.341944881598257E-4
5.685605457782998E-4
4.904857880782874E-4
6.903408923882531E-4
7.680159713242924E-4
7.550168792816579E-4
5.334642802710415E-4
7.844138790387269E-4
1.8326581673054824E-4
8.763029780503263E-5
9.160198153006415E-4
5.728906649279335E-4
4.586202208533569E-4
3.6245936270415353E-4
5.328005950058209E-4
8.859946848804063E-4
9.909478226522637E-5
4.591574964176034E-4
2.984822985004417E-4
9.136229328437491E-4
5.441058589465673E-4
6.275818765117303E-4
3.4067181600458055E-4
1.1039711701281209E-5
5.101232159319872E-4
3.7178671312987387E-4
4.4141524551523586E-5
3.323541773940799E-4
8.232433943093985E-5
3.4775791734526964E-5
6.757708479918039E-4
6.131553158864204E-4
3.685659293075497E-4
3.2816335411449263E-4
5.323135778936435E-4
1.1294978683107637E-4
9.203767262135665E-6
8.624190099758967E-4
6.126382340070588E-4
9.882235004278054E-4
8.694304697274068E-4
3.5146350748258785E-4
2.316850378152453E-4
7.420986305961566E-4
3.057736948064482E-5
5.754831830407407E-4
6.660685618807872E-5
9.012368747244841E-4
7.875048644735132E-5
4.5099810018622063E-4
5.597015092643768E-4
3.0627962327805044E-4
7.060524544578608E-4
3.6218251795478817E-4
8.400190086593922E-4
3.501598113454484E-4
5.304105172907154E-4
8.342314006959645E-4
6.90907692851525E-4
2.552293936204554E-4
9.639007058134972E-4
6.220510869801182E-5
5.114923022383059E-4
8.496804243567386E-5
2.5194207171179797E-4
9.649048726343809E-5
6.040020246112069E-4
4.05414110998645E-4
4.425825426626222E-4
7.306411335998866E-4
5.678409148117269E-4
8.070091353399393E-4
6.228910245753357E-4
8.150769818681965E-4
5.651587903778261E-5
1.360369523953303E-4
3.809101910722045E-4
5.051195639924256E-4
6.695597165541715E-4
2.1291425813323758E-4
3.341164372253669E-5
3.7848859274018225E-4
3.326584282567948E-4
9.045560038659419E-5
1.3090845465082918E-5
5.420938420555423E-4
9.470523431589976E-4
2.3302398498380492E-4
2.7821384239415045E-4
8.586300751970644E-4
9.314110318604693E-4
9.349717185540882E-4
6.0092442578917E-4
2.2131458710353594E-4
6.384815394992742E-4
2.4254010247907993E-4
1.2684245375572945E-4
3.319001018919324E-4
5.282863962901064E-4
9.514900781451183E-4
6.248757699525109E-4
8.723046905418865E-4
5.367517738071125E-4
3.9588282492788826E-5
5.175409725741305E-4
9.497583830172694E-4
8.463096087478523E-4
4.6023083455129147E-4
7.347695168068917E-4
7.048987165571469E-4
4.437660563818158E-5
8.077746242372166E-4
2.9385233850136994E-4
6.428335123760394E-4
3.787677543590587E-4
4.1932176194854365E-4
4.891023731652007E-4
6.952365725743249E-4
7.819147776967204E-4
4.908040050722737E-4
4.627357086410689E-4
2.761515920141205E-4
9.804530863410448E-4
7.095796651878197E-4
1.0397753565015776E-5
6.262495383883308E-4
8.510442425248543E-5
1.5851010294786125E-4
3.7152586764229145E-4
6.031690239135614E-4
8.354253783576638E-4
8.76128339721703E-4
2.9819587086900423E-5
5.558548259640368E-4
7.66050439308158E-4
3.767449847079972E-4
2.9949012791984173E-4
4.3562032589117457E-4
3.010423756027942E-4
3.7638976324837686E-4
1.394845895374657E-5
3.464181942466076E-4
7.302499409452362E-5
6.774539835703727E-4
3.2978237626638023E-4
7.289308812816906E-4
6.047574711659673E-4
6.085210784485965E-4
2.8630885695324343E-4
8.932888938748798E-5
6.442067733780554E-4
5.468034068847124E-4
5.43626961228297E-4
6.238875174330471E-4
4.977140385544004E-4
2.965104428624372E-4
3.7292765919007075E-4
5.26719917272634E-4
9.165954014969212E-4
5.980159616625785E-4
8.613046722341338E-4
5.933889150460288E-4
1.9855251932958498E-4
9.356752745625095E-4
9.772371860698543E-4
8.308544000970775E-4
3.21803685363627E-4
8.540565302287557E-4
9.844995652842575E-5
2.2769328141689817E-4
3.163398738228443E-4
4.4025499393080095E-4
3.208782370437726E-4
3.0683378817219267E-4
1.1598269871101983E-4
2.801470283836604E-4
2.5854596803946316E-5
3.3366202304501173E-4
6.078631531793654E-4
1.5561402902599294E-4
7.144893559747897E-4
8.815741045623137E-4
8.429167589654562E-4
9.597259271319206E-4
5.667657974123238E-4
3.644404860447506E-4
6.878683927893639E-4
8.888731574580803E-4
6.702168569764224E-4
5.247352449776662E-4
6.635619040423356E-4
6.532618561857577E-4
3.7864637813835527E-4
3.5750008879407297E-4
8.386321307175624E-5
6.811133324168216E-4
8.594033854520146E-4
8.360173772052889E-4
2.923880146097108E-5
5.195555274612271E-4
3.976070500968344E-4
8.853569278204676E-4
2.5163927253859977E-4
3.2703655719282433E-4
7.199142769920212E-4
5.342395867380997E-4
5.117830372879041E-4
2.947174738993029E-4
2.113101186106369E-4
7.429688600117304E-4
4.698097963376569E-4
8.311294839470017E-6
5.820380089355312E-4
5.70488929247441E-4
7.799893785086902E-4
2.4483285509678776E-4
2.633752390446771E-4
3.057972745511064E-4
6.785899876166237E-4
5.101097564431515E-4
5.470912434544963E-4
6.437826055451969E-5
9.216719100778951E-4
5.977708639635862E-4
2.5266173775737754E-4
8.286128359394013E-4
6.932414878582733E-4
8.458371048868015E-4
5.385923382784021E-4
3.2692802447158967E-4
6.855558238020854E-4
3.550296884571032E-4
2.6198446365269934E-4
1.554090475837597E-4
3.986359653466417E-4
2.862366361750736E-4
2.2375713688643103E-4
6.472844281281007E-4
3.5444888120408425E-4
6.187455170624294E-4
4.529615422200604E-4
4.8682039007939896E-4
8.044312089975877E-4
1.0089521857119046E-4
7.373064271990378E-4
6.189146832379572E-4
2.7298046446292334E-4
9.002355811583584E-4
3.8822734542391543E-4
3.1364174168271343E-4
1.182425066564549E-4
5.689608089602707E-4
4.3686535356439856E-4
1.4611465551175548E-4
2.777329987536152E-4
1.36765233540416E-5
2.8618232427083984E-4
5.925172937363005E-4
1.4112348480083107E-4
1.1318753747932372E-5
5.646611068888227E-5
4.6224803368677755E-4
5.263772973735628E-4
4.703605036248237E-4
7.913392105471613E-4
7.554193039250116E-4
7.227689145160892E-4
8.549609557383196E-4
3.35113194644383E-5
7.835759957592992E-4
4.954629988865242E-4
6.105125462500637E-4
8.241309499214672E-5
1.9931390118480187E-4
6.862780670313315E-5
1.248775825798696E-4
8.975357251044053E-4
3.9857005541023554E-4
1.3134983817903093E-4
7.547294440945725E-4
3.260360439977291E-4
2.5305418410945723E-4
3.205816424165566E-5
7.214218980152292E-4
9.403456738772576E-4
3.1899198787910363E-4
4.2150556895205E-4
1.484005437278745E-4
9.025239650243115E-4
8.721784151525516E-4
8.461964728197192E-4
4.7790832525175915E-4
5.631491149254498E-4
8.581122459599926E-4
9.021834346399809E-4
5.320983833788601E-4
8.606491870631714E-4
4.93175136193665E-4
8.486433647835961E-4
8.297181240991717E-4
5.663292296129965E-5
7.065728365400266E-4
8.236272524802255E-4
5.749229091619382E-4
4.6721771545316153E-4
7.61515772065993E-4
8.330949217080369E-5
5.484451931386489E-4
7.071750255922605E-4
3.3973895774348165E-4
9.912420331980511E-4
4.868109066107188E-4
9.223859702193209E-4
1.83848282461116E-4
9.416545576054052E-4
9.475356085230979E-4
4.633218044762765E-4
8.97374442307688E-4
5.645066849918699E-4
5.492197543212361E-4
5.652890364888935E-4
8.095212852050857E-4
2.4948958406091317E-4
4.5232520845984786E-4
5.24191603144521E-4
8.719106293042377E-4
2.6173799014239527E-4
4.408254130982193E-4
7.54359153142452E-5
5.476104219049306E-4
2.9424075524874774E-4
4.62754968791163E-4
6.494136273481955E-4
1.5641340765179437E-4
7.791585432051145E-4
5.127639806962083E-4
5.647734421615096E-4
6.979398483054902E-4
8.564791260904679E-4
8.992433197912728E-4
4.983752628303487E-5
3.5399697399221374E-4
4.087549858364382E-4
4.4583489164569693E-4
5.974007157317773E-4
8.046956013416438E-4
2.3818927229691552E-4
8.915217263659145E-4
6.889323152382356E-5
4.50716674174439E-4
6.879905203451417E-5
9.223690919003578E-4
4.1300407332913E-4
9.572015669987152E-4
6.890968497988098E-4
4.1603333510057945E-4
1.3751845405005547E-4
1.397080539363551E-4
3.260981564568157E-4
2.621556388794461E-4
9.807247576221665E-4
6.642520866113847E-5
9.44215786794895E-4
9.265805497914915E-4
6.276529573560539E-4
4.446825225774604E-4
1.165721624177398E-4
1.139033483225377E-4
6.862052881698897E-4
7.878613104284173E-4
6.308520070804549E-4
2.862463050625895E-4
6.041937275392718E-4
4.960248897397451E-4
1.5349356080836043E-4
7.074089563385064E-4
6.645459032191951E-4
1.6543846993137754E-4
7.509488564800512E-4
4.458446439210621E-4
