0.0 0.0 0.0 0.0 0.0 0.0 0.0 0.0 0.0 0.0 0.0 
0.06389249386219722 0.2846962186348047 0.5335053813190481 0.7966742858251177 1.079087930964807 1.3829881971322584 1.745104222273774 2.127654438332115 2.6768186803526035 2.9230534212435857 3.5595444552122517 
0.0 0.04886922411613551 0.21607939479001811 0.437782014766112 0.6629462226982177 0.9633354066916953 1.263146674674432 1.6456968907327734 2.1494504661730507 2.380335354262686 3.016826388231352 
0.0 0.0 0.03674195454738633 0.18364597210647646 0.3872419970773481 0.6154731024529498 0.9152843704356866 1.2836712363275673 1.7078619003551954 1.9387467884448304 2.5752378224134964 
0.0 0.0 0.0 0.03536346059470005 0.1627823891958817 0.3910134945714834 0.6908247625542201 0.9830345320764109 1.4072251961040387 1.638110084193674 2.208983758900209 
0.0 0.0 0.0 0.0 0.013237847837663805 0.16579979242141607 0.3718330260610805 0.6568775970004896 1.0810682610281175 1.2972162955603694 1.7818835908984334 
0.0 0.0 0.0 0.0 0.0 0.06365493595423904 0.24443609691862928 0.5294806678580384 0.9360817206454218 1.1445672937426439 1.629234589080708 
0.0 0.0 0.0 0.0 0.0 0.0 0.02334819066707887 0.21088711648755593 0.5101042025223235 0.6918889627419289 1.176556258079993 
0.0 0.0 0.0 0.0 0.0 0.0 0.0 0.06668509003446613 0.31173343031768885 0.4935181905372944 0.964630743016187 
0.0 0.0 0.0 0.0 0.0 0.0 0.0 0.0 0.05338967225589622 0.1860743046054721 0.5189178613129344 
0.0 0.0 0.0 0.0 0.0 0.0 0.0 0.0 0.0 0.03019483222365 0.2907434210288364 
0.0 0.0 0.0 0.0 0.0 0.0 0.0 0.0 0.0 0.0 0.0785300179509346 
