0.0 0.0 0.0 0.0 0.0 0.0 0.0 0.0 0.0 0.0 0.0 
0.06389249386219722 0.17193450065647198 0.2535334926668328 0.32833209508383654 0.4071497152526543 0.48281887604450374 0.576596910387576 0.674102555506508 0.7990761334993683 0.848176261369398 0.9999999999999999 
0.0 0.04886922411613551 0.13046821612649628 0.20526681854350004 0.2840844387123178 0.35975359950416724 0.45353163384723955 0.5510372789661716 0.676010856959032 0.7251109848290617 0.8769347234596635 
0.0 0.0 0.03674195454738633 0.11154055696439008 0.19035817713320785 0.2660273379250573 0.3598053722681296 0.4573110173870617 0.582284595379922 0.6313847232499518 0.7832084618805536 
0.0 0.0 0.0 0.03536346059470005 0.11418108076351785 0.18985024155536726 0.2836282758984396 0.38113392101737165 0.506107499010232 0.5552076268802617 0.7070313655108635 
0.0 0.0 0.0 0.0 0.013237847837663805 0.08890700862951322 0.18268504297258553 0.2801906880915176 0.40516426608437794 0.4542643939544076 0.6060881325850094 
0.0 0.0 0.0 0.0 0.0 0.06365493595423904 0.15743297029731135 0.2549386154162434 0.37991219340910376 0.4290123212791334 0.5808360599097352 
0.0 0.0 0.0 0.0 0.0 0.0 0.02334819066707887 0.12085383578601094 0.2458274137788713 0.29492754164890095 0.4467512802795027 
0.0 0.0 0.0 0.0 0.0 0.0 0.0 0.06668509003446613 0.19165866802732648 0.24075879589735616 0.392582534527958 
0.0 0.0 0.0 0.0 0.0 0.0 0.0 0.0 0.05338967225589622 0.1024898001259259 0.2543135387565277 
0.0 0.0 0.0 0.0 0.0 0.0 0.0 0.0 0.0 0.03019483222365 0.18201857085425177 
0.0 0.0 0.0 0.0 0.0 0.0 0.0 0.0 0.0 0.0 0.0785300179509346 
