0.0 0.0 0.0 0.0 0.0 0.0 0.0 0.0 0.0 0.0 0.0 
0.04220134598602835 0.2338516056901454 0.49174077731410926 0.7692547866114141 1.0726355676250214 1.5371539768496414 1.8988583977401148 2.2711695894449786 2.4586486441870834 3.1753509009810585 3.5738661207473434 
0.0 0.04359865136250303 0.22362147027735094 0.45883197069291004 0.7000633036091521 1.1222782039520263 1.4839826248424997 1.8562938165473635 2.0436629016453467 2.7158006397139065 3.079794238673591 
0.0 0.0 0.05855781484322891 0.23086112603039788 0.4720924589466401 0.831400170061124 1.1931045909515974 1.5654157826564612 1.7527848677544444 2.378219238979795 2.726009015554298 
0.0 0.0 0.0 0.03512140250379916 0.17786814272680895 0.5234187696136936 0.8186342353434128 1.1909454270482767 1.3565000453550426 1.922501528528989 2.270291305103492 
0.0 0.0 0.0 0.0 0.00914074502597824 0.23022612174180954 0.5110872243157325 0.7922872558276659 0.947042123552353 1.4904892673302554 1.8090608108434396 
0.0 0.0 0.0 0.0 0.0 0.07729821077753864 0.2916703581907075 0.572870389702641 0.7057008209919895 1.2045834460444764 1.5012305531223222 
0.0 0.0 0.0 0.0 0.0 0.0 0.056230618319079786 0.24631948963808303 0.36835017034535245 0.7985723680867832 1.0619689917006756 
0.0 0.0 0.0 0.0 0.0 0.0 0.0 0.04274709280699319 0.13205358649684498 0.4576810985332589 0.7210777221471514 
0.0 0.0 0.0 0.0 0.0 0.0 0.0 0.0 0.01383521386544103 0.2778266599428852 0.5412232835567776 
0.0 0.0 0.0 0.0 0.0 0.0 0.0 0.0 0.0 0.07690111919593011 0.2559045898492118 
0.0 0.0 0.0 0.0 0.0 0.0 0.0 0.0 0.0 0.0 0.01770919849674081 
