0.0 0.0 0.0 0.0 0.0 0.0 0.0 0.0 0.0 0.0 0.0 
0.04220134598602835 0.14805160834161402 0.22591796105073 0.3045420548908709 0.4030266475841033 0.5376730684964177 0.6185163868129683 0.7096275470058986 0.7423517340233162 0.9156068470393892 1.0 
0.0 0.04359865136250303 0.121465004071619 0.2000890979117599 0.2985736906049923 0.43322011151730666 0.5140634298338571 0.6051745900267874 0.6378987770442051 0.811153890060278 0.8955470430208888 
0.0 0.0 0.05855781484322891 0.1371819086833698 0.2356665013766022 0.3703129222889166 0.45115624060546705 0.5422674007983973 0.5749915878158149 0.7482467008318879 0.8326398537924987 
0.0 0.0 0.0 0.03512140250379916 0.13360599519703156 0.26825241610934597 0.3490957344258964 0.44020689461882667 0.47293108163624425 0.6461861946523173 0.7305793476129281 
0.0 0.0 0.0 0.0 0.00914074502597824 0.14378716593829266 0.2246304842548431 0.31574164444777336 0.34846583146519094 0.5217209444812639 0.6061140974418747 
0.0 0.0 0.0 0.0 0.0 0.07729821077753864 0.15814152909408913 0.2492526892870194 0.28197687630443696 0.45523198932051 0.5396251422811208 
0.0 0.0 0.0 0.0 0.0 0.0 0.056230618319079786 0.14734177851201005 0.18006596552942764 0.35332107854550066 0.43771423150611144 
0.0 0.0 0.0 0.0 0.0 0.0 0.0 0.04274709280699319 0.07547127982441076 0.2487263928404838 0.3331195458010946 
0.0 0.0 0.0 0.0 0.0 0.0 0.0 0.0 0.01383521386544103 0.18709032688151406 0.27148347984212484 
0.0 0.0 0.0 0.0 0.0 0.0 0.0 0.0 0.0 0.07690111919593011 0.1612942721565409 
0.0 0.0 0.0 0.0 0.0 0.0 0.0 0.0 0.0 0.0 0.01770919849674081 
