0.0
6.17385722219522E-4
5.081728343348366E-4
3.2941793749416485E-4
2.5548269563560426E-4
1.8619752533154032E-4
5.311526711953971E-5
6.15842865894031E-4
7.860562455377226E-4
2.8266857213933344E-5
3.576011109299407E-4
5.696152353734343E-4
4.065228331388681E-4
5.721455734213459E-4
9.639901773079257E-4
8.156331776751266E-4
4.6678508749028585E-5
5.018668067447247E-4
3.270665613566745E-4
9.115022453414565E-4
9.895730046917562E-4
5.3813599834582E-4
9.642202830227371E-4
1.608616341754877E-4
1.6071492931455237E-4
6.826041874870159E-4
8.790597680750524E-4
8.139638436984572E-4
3.8242493747368643E-4
9.46722712154749E-4
5.796877421129497E-4
6.568804544447911E-4
5.8406808232114E-4
1.550550364898311E-4
5.604961189170316E-4
9.346868566749977E-4
1.6942161074386187E-4
3.741631018200129E-4
4.8939569669317185E-6
9.849817187911013E-4
8.197293018941505E-4
1.9241168484998764E-4
3.458144429984574E-4
9.109206760411141E-4
6.745640545227925E-5
9.636657656221433E-4
3.10922130052742E-5
1.428861840486369E-5
2.2480379546558645E-4
9.855346017097425E-4
8.599431472654053E-5
8.599621502239326E-4
1.9709324323954268E-4
4.98693392261319E-4
4.4676194045531974E-4
2.724048628137209E-4
3.598931691013285E-4
2.700366523787674E-4
8.439838081552105E-4
6.323538939140656E-4
1.603275235603007E-4
6.168970578097667E-4
8.589619146914226E-4
5.564562280458916E-4
4.618985057083764E-4
5.079257915798828E-4
2.767735145931864E-4
5.5919911663426253E-5
5.576908476019654E-4
6.299117487501956E-4
1.7654005106112648E-4
9.500364578449848E-4
7.536884126002814E-4
1.8432786245431665E-4
3.179318129717822E-4
6.721004492131449E-4
8.843930704578326E-4
4.0111611127671817E-4
2.0131200986423656E-4
9.689188319461211E-4
6.886709665344133E-4
7.569842471746606E-4
8.863162004799147E-4
7.58488490044174E-4
9.309295048350636E-4
1.5685611086969055E-4
1.1426353085126486E-4
6.665242228078117E-4
3.752409795075714E-4
3.408726333124917E-4
3.675001665177412E-4
5.59000352044264E-4
1.2542131775964858E-4
2.82666347455654E-4
7.374105042365897E-4
8.468279472896528E-4
7.379141971203356E-4
1.9232138170321647E-4
9.747984601963586E-4
6.16599169413278E-5
4.503925983032706E-4
4.2421049958047904E-4
8.801975051730248E-4
7.714740152159101E-4
2.1104749342372065E-4
5.482898124563089E-4
4.280164555110573E-4
7.721061108643593E-4
9.027789814847636E-4
4.4689963872174846E-4
1.728952883921363E-4
9.530012562827673E-4
9.370770901238419E-4
4.409629423190871E-4
3.9917234976488323E-4
2.9127586529586753E-4
5.740928585255656E-4
8.603584494925805E-5
1.4980026164411196E-4
9.6217716940813E-4
8.694545415070503E-4
4.342016091770413E-4
7.239462795296849E-4
5.992947502129429E-4
8.074146939865421E-4
3.3901446886488247E-4
5.695761668650756E-4
3.3891868358916987E-4
1.7703366855918482E-4
5.11127957079561E-4
3.7418281286317556E-4
4.437577367163223E-4
1.2211671900046376E-4
9.435584436403535E-4
1.50661522402053E-4
9.93568624983214E-4
8.379620775717542E-4
5.181597381530762E-4
5.616685314920286E-4
1.9805495627103E-4
7.247557669110056E-4
4.7654161263599774E-4
2.0180707424352398E-4
7.777367289859935E-4
4.5321306100663594E-4
8.680969086228673E-4
6.16444655428677E-4
3.6997213915359586E-5
8.916218736576419E-4
8.80997878360884E-4
9.202477113796603E-4
9.926428799893517E-4
4.6652532640551007E-4
4.585018680236834E-4
4.201461956964275E-4
3.899763718846624E-4
5.001520780851684E-4
5.650040890848742E-4
2.817946453946611E-4
9.905069012050102E-5
4.639694973417687E-4
9.521987416970661E-4
5.352025918157104E-4
9.437361607113673E-4
4.6316927497108457E-4
2.7090202868232393E-4
7.20173064633292E-4
8.749030103158661E-4
2.3263291053671206E-4
9.416115757337747E-4
3.758699287776488E-4
6.865154669115951E-4
9.522866847236526E-4
3.852245894854145E-4
1.8237540658660567E-4
7.968732055501981E-4
6.570618486814763E-4
5.879888711380585E-4
9.867503860602211E-4
7.389627429433765E-4
5.601569816349907E-4
4.5326965791183717E-4
1.239727407388062E-4
3.555669225959406E-4
7.517843493021519E-4
7.548090932951316E-4
3.353977346372787E-4
2.4212383915341895E-5
7.903315811413278E-4
9.644060262225984E-4
5.626812936974737E-4
5.733124829024176E-4
3.188223232274936E-4
8.064441609946921E-4
1.240356650227516E-4
9.473423978044619E-4
6.092891864338301E-4
7.569346517137678E-4
3.244554616214608E-4
5.310618586992136E-5
5.519310851752932E-5
4.8709466603853626E-4
5.827662842902563E-4
7.069329922896275E-4
8.742197611168152E-4
5.576618470975627E-4
9.621718989587849E-4
1.457661226135735E-4
1.4053613899355324E-4
5.971511949336054E-4
7.565708787905069E-4
8.33766516070929E-4
8.832485411709472E-4
5.316841453997512E-4
1.3880931274185798E-4
2.0209279826422216E-4
5.740868354199972E-4
4.183730804631287E-4
1.5389958631726046E-4
1.303157959751771E-4
3.932132597265564E-4
8.648166478355158E-4
3.218065599676762E-4
9.510128549682927E-4
8.081095406646824E-4
3.9559678285735885E-5
8.588829401217232E-4
1.2303767233683588E-4
7.95900972492455E-4
7.177878516437916E-4
1.7023362359686617E-4
4.583786510618975E-4
4.5428662399027734E-4
6.0782274271631904E-5
5.016376239338672E-4
6.404901565330465E-4
3.875876036319524E-4
9.645878152685144E-5
9.299308947731349E-4
2.0982495473820416E-4
1.0290052904335855E-4
3.5937870970515395E-4
5.650177184008012E-4
1.9961901422312788E-4
8.088054646987611E-4
4.747643517158662E-4
6.915755079293213E-4
2.990321076531629E-4
5.482817807888399E-4
8.448504479914235E-4
2.1714538064265163E-5
2.0895126863126616E-4
1.8376181916965128E-4
2.5586217275688896E-4
3.680569240160396E-4
7.672218829456758E-4
9.530839525806203E-4
4.125410517150532E-4
2.7278086248957534E-4
3.0442401206294523E-4
4.85406104559491E-4
3.136062879395863E-4
7.145939465773824E-4
5.146071612464908E-4
7.133324322255335E-4
5.062599480803377E-4
8.354048337241054E-4
2.465566056354851E-4
1.7739521124677583E-4
2.750103427318189E-4
8.134540639345662E-4
3.805495715278005E-4
8.348405436133218E-5
4.580746293611766E-5
3.067876677409453E-4
1.728681953620173E-4
1.565290189716107E-4
2.8824278658834065E-4
7.327258259049184E-4
3.204212671279376E-4
8.404205357051424E-4
5.689372292394091E-4
4.6222055024592353E-4
2.0457762563048308E-4
5.153789243903052E-4
3.8104056303113644E-4
3.7073528737916747E-4
7.589494644303653E-4
5.528880645154141E-4
8.800887261657219E-4
6.475969301327689E-4
6.554103851129127E-4
7.238609685482982E-4
7.098618903485898E-4
6.785812036295207E-4
5.359140753816706E-4
1.4557622731276848E-4
5.530007474986961E-4
7.250254141564393E-4
3.585252744926709E-4
1.548957665838414E-4
2.7798803332786565E-4
7.651044290714671E-4
3.125224154784124E-5
9.092281488219094E-4
3.8311654412549425E-5
2.2935412440126257E-4
8.27858735643215E-4
1.0868494047640104E-4
9.05919148994917E-4
5.597907442945535E-4
3.927158001246521E-4
1.9690289124035291E-4
3.0328624008725996E-4
5.500499475261376E-4
3.353783334731514E-4
7.777224586537689E-4
5.977521671592748E-4
5.00477645926423E-5
9.846622443186982E-4
2.7104660459631674E-4
2.038475985895619E-4
2.841176982137554E-4
5.021429935214417E-5
7.75543650607943E-4
5.020064420655269E-4
2.9018143691348557E-4
4.107961481381337E-4
2.3307922085321855E-4
9.845267741646917E-4
2.8425258557583495E-5
8.478370641845066E-4
1.349532277513024E-4
1.5666259217046277E-4
6.815371107964768E-4
7.415672050682768E-4
9.249738942544701E-4
6.816880505872563E-4
2.8864647053083363E-4
4.958782629802377E-4
9.642137470302574E-4
7.387064574790581E-4
2.090048214109551E-4
8.936224262295223E-4
1.981589376413182E-4
2.6501399480763544E-4
3.1441477402335306E-4
1.768297045567404E-4
1.984628849939981E-4
4.618661352364564E-4
6.163777763667778E-4
1.8773762897943814E-4
9.755966929376416E-4
8.095841232683235E-4
9.433195483054813E-4
6.973006675271816E-4
9.772066958959838E-4
3.5010930743141277E-4
7.954936306960923E-4
5.205000113801201E-4
4.844630449409113E-5
9.90102700714738E-5
8.530680660336032E-4
8.270925413226089E-4
7.621924741773383E-4
5.241501403962482E-5
7.722175231587305E-4
8.095497209083668E-4
4.337346518484333E-4
2.943283958924895E-4
7.486667329286697E-4
5.086396145919917E-4
1.416285292262598E-4
4.3366260674689174E-4
8.602179132600468E-5
5.094190137466468E-4
8.047710261046557E-4
7.364442371643107E-4
4.057706560581396E-4
9.795055672576244E-4
8.84126422097849E-4
7.077506830026315E-5
4.8744932219847075E-4
3.844538392377179E-4
3.425562961966895E-4
9.513539846912175E-4
6.091813495800295E-4
7.031124002789726E-5
8.653684916599643E-4
8.96234464158343E-4
2.380898390960441E-4
9.158856822525749E-4
8.816892022472741E-4
3.6530921866152527E-4
3.809646650164556E-4
9.710059177746776E-5
7.05337907176942E-4
6.64184805452848E-4
3.8642743258469897E-4
9.592096007955774E-4
4.148576802189301E-4
3.9372721230537474E-4
4.444432068648639E-5
2.39053085751728E-4
3.8219733965403875E-4
9.157611249877358E-4
8.502671452509022E-4
5.119604459881458E-4
1.3298198342618451E-4
8.843394684593812E-4
2.0968394929389755E-5
2.744718253237974E-4
1.630788851492247E-4
6.552368954371752E-4
2.1062524276755666E-4
7.54120554174497E-4
6.548271993015075E-4
6.140377050494638E-5
4.323804759690487E-4
5.326988694641926E-6
5.3784148797913E-4
9.306050450613011E-4
4.3380951959442327E-4
7.430774324864624E-4
1.6923002084803928E-4
4.005445561061244E-4
8.600151692243933E-4
8.427147618592608E-4
7.123784560997872E-5
9.792565849496063E-4
7.450775067704845E-5
3.453350166747848E-4
4.958234622136096E-4
2.2413018972886384E-4
8.549762039411707E-4
3.519843124212138E-4
2.892181310724113E-4
6.832996547646462E-4
5.626292205056421E-4
3.281242647027569E-4
4.498889882816506E-4
8.133691204651693E-4
5.2941746791433834E-5
6.595643287527151E-4
9.484204768046642E-5
4.4425579040656415E-4
6.679446533989744E-4
7.343443074483421E-4
9.274895938225367E-4
3.6826101022277596E-4
9.761292806797217E-4
1.2452212209816758E-4
2.737481337058774E-4
7.823039927464479E-4
2.622454999296567E-4
9.033512729310064E-4
5.989380903113929E-4
1.334112047106717E-4
9.362937483485491E-4
6.211092283482598E-4
8.707742075826506E-5
2.3343278796203923E-4
9.124395528539664E-4
7.683012894316927E-4
1.5828161728860136E-4
4.893174920127552E-4
5.0255878341557E-4
3.3290085879663804E-4
4.3326792004139685E-5
3.1814405941989036E-4
4.313540436267963E-5
3.240919093615847E-4
4.8532903640526243E-4
8.829158652232771E-4
5.182842188495024E-4
9.217592787922925E-4
3.106522345105758E-4
7.30247478435137E-4
5.347983235282493E-4
3.7963230223319596E-4
2.2853122800275142E-4
8.024139846134689E-4
7.0109865209174E-4
4.6495322406403256E-4
4.023245146897413E-4
9.830132941214588E-4
1.5366412109992208E-4
9.909114988909413E-4
5.561096861345643E-4
2.4537809298059125E-4
1.7206723569427218E-4
5.260882811561814E-4
4.592983050309061E-5
1.1999414811261458E-4
9.461353689195946E-5
1.9102040189174484E-4
1.9287436787815374E-4
3.6812635267161617E-4
5.087519714716056E-4
2.459052653339847E-4
4.005447241186614E-4
2.7871165605956996E-4
5.162178713082762E-4
8.578185001495288E-4
9.29497960974136E-4
2.7751982636030017E-4
2.239128727917619E-4
3.452774847255382E-4
5.915385998128083E-5
2.4119559998097426E-4
9.534393851041739E-4
9.687835873742989E-4
2.532142951867081E-4
1.0712645073029127E-4
6.700270681678204E-4
3.7553678761381937E-4
4.2536143382256313E-4
1.8439122022472415E-4
8.53814485657223E-4
4.600537404298885E-4
7.406303827675413E-4
8.65526106861666E-4
8.271519913207022E-4
6.642367804424105E-4
4.7199326996292114E-4
2.81399067828754E-4
7.074831933337151E-4
4.367739864219189E-4
4.2224834186553795E-4
7.496596288117292E-4
4.7673509741168695E-4
7.502561382096382E-4
9.439639207515423E-4
9.320416337214543E-4
5.096172218205057E-4
5.851401962378665E-4
2.2785975560081845E-4
8.018586216111811E-4
6.631183069519757E-4
2.8302690581119983E-4
5.008804015556847E-4
7.082421468028054E-4
5.03784254626249E-4
8.853190802861116E-4
1.860317666939527E-4
1.9803975781594143E-4
5.447697838959547E-4
6.482635124221456E-4
3.7873261695132125E-4
2.9028482084731517E-4
4.472257326078115E-4
4.111509214304272E-5
8.627824999019485E-5
5.141731797652257E-4
9.327107202654408E-4
8.556065635689533E-4
5.637169674227697E-4
2.0669288230873466E-5
8.538610632348161E-4
2.085877596000616E-4
6.583031682275179E-4
7.512333630060947E-4
1.8364819457427256E-4
3.80227464621457E-4
5.745191861204823E-4
8.44353171913657E-4
9.632712360214494E-4
9.855675715814084E-4
5.76340598902878E-4
9.73017767266189E-4
2.089048669358111E-4
5.934016767235142E-6
2.8547467794270314E-4
7.40268895683334E-4
3.7449836056139613E-4
7.030464610036506E-4
7.677988924235718E-4
8.152149627792359E-4
8.03033724849615E-4
9.224512265823791E-4
4.524107081351257E-4
8.910830099704678E-4
5.856392576104521E-4
4.197628988080308E-4
8.851617424961767E-4
2.7103571798311755E-4
5.507831277239725E-4
5.880406201120749E-4
8.614633035622782E-4
2.615626236608451E-4
9.386976290901982E-4
2.9919030447971045E-4
9.130776776177517E-4
4.560106296139619E-4
9.265707737372692E-4
3.9803375658133843E-5
2.4084706520016092E-4
2.961397462542283E-4
6.354937668197223E-4
1.9021912183568953E-4
2.332140972481431E-4
3.1304565073498843E-4
4.979150703826555E-4
7.622608367972731E-4
3.340441318348907E-4
8.939130924044389E-4
8.265215885835826E-4
5.592147924270265E-4
6.503342052186481E-4
3.948605479875425E-4
2.2815106437220836E-4
3.2323454223037463E-4
8.592707595803414E-4
9.129051432580144E-4
2.8281907629560637E-5
1.6992095319917795E-4
2.2884901525687832E-4
2.309794557181495E-4
3.2140613730453834E-4
2.1543448817351235E-4
1.930589914888072E-4
7.817845726102332E-4
2.5700045551173636E-4
9.34115410200539E-5
8.63273796862441E-4
9.139731620742297E-4
1.5124007899385662E-4
7.801122581810039E-4
9.421834868791085E-4
7.030232533941125E-5
7.142887414685929E-4
9.906386759147487E-4
1.187022453611955E-5
9.048468327533761E-4
1.2619494686675744E-4
1.3421177187190127E-4
9.091057498661521E-4
3.602315012301582E-5
8.908304755003519E-4
7.619057113062516E-4
9.611257290782272E-4
1.7529699154832652E-4
6.136886190519827E-4
3.3914139977368887E-4
9.575315489479393E-4
5.155769567669675E-4
3.7272341938162024E-4
9.015313342455855E-4
6.061294059110562E-4
1.8915675576511594E-4
2.585216484477987E-4
4.1448558832471655E-4
8.293315199335816E-4
6.804366180198923E-4
7.965890295651905E-4
2.902671695538035E-4
5.587176647555574E-4
4.110817908244827E-4
2.616529072045095E-4
8.304987533936245E-4
9.848994272643279E-4
4.890697360545226E-4
7.211039550914495E-4
1.885553036439987E-4
7.087426800975671E-5
2.4051518604402506E-4
5.355434436450101E-4
5.75424213361676E-4
9.236178118593883E-4
9.112492189002325E-4
3.052872176404032E-4
6.559126013457351E-4
1.6528754929290935E-4
5.905107672061702E-4
7.701973308303103E-4
9.824088276732647E-4
6.122835480041435E-4
2.539448797874339E-4
9.27243512535082E-5
7.153069759233015E-4
8.46567834916964E-4
5.749312565810888E-4
7.849711231364302E-4
8.950801476611379E-4
9.514865412449345E-4
8.940168956359619E-5
3.4298993983159886E-4
8.980817978793154E-4
3.844584121085473E-4
9.387214196793416E-4
7.609095695625314E-4
8.395807368255696E-4
4.5387176846313563E-4
6.997067904829217E-4
6.342705703252187E-4
8.77245109875606E-5
9.334122493755698E-4
2.4085018425630065E-4
2.068528438876704E-4
2.845514631888771E-4
4.842483146166157E-4
3.6025579479081834E-5
7.051264176400783E-4
7.228563667068186E-4
1.2295055868788535E-4
8.979450632689251E-4
7.322466582914493E-4
1.8353549539868098E-4
8.10654763129966E-4
4.8797763475624687E-4
7.666684666185125E-4
8.432179989578088E-4
2.497930130014618E-4
6.49140893485038E-4
3.56786273370806E-5
3.5461750827384044E-4
3.042191556518457E-4
1.432175042491486E-4
7.603654346396385E-4
4.735492451656308E-4
2.7650468019894226E-4
9.79837457646646E-4
5.923424064477889E-4
4.087463423746361E-4
9.568931375669819E-4
1.9930897518495526E-4
2.757811542108673E-4
3.3156261995806176E-4
7.74924830313893E-4
6.012648520366246E-4
4.8883212727656094E-5
2.500287796005612E-4
6.979815918917794E-4
7.297842885200334E-4
9.618113575563538E-5
9.49489689900445E-4
4.5364409771781535E-4
5.022754488680688E-5
2.4334799909953692E-4
4.0066958049171284E-4
5.451651195364171E-4
4.650569420060044E-5
6.178358098583769E-4
5.959689215494706E-4
9.732737790176778E-4
9.307471134169649E-4
3.6596905500235245E-4
6.617205106495361E-4
1.267143008191506E-4
2.1228822183328008E-4
5.988337007440772E-4
5.853289143273418E-4
1.814982270585712E-4
4.8565615347253E-4
7.294318711030069E-4
8.453368259269859E-4
6.421204144306368E-4
6.083849169038764E-4
9.371542626249947E-4
9.362153691205371E-4
9.207264366655288E-4
3.47679037577441E-4
7.947702082823664E-5
5.969796875216328E-4
7.420632491773508E-4
5.210631446083175E-4
5.138428522747072E-4
4.399386296104956E-4
1.1551305695888282E-4
8.011349095050528E-4
4.751147424914015E-4
5.50538468248482E-4
9.119161744169153E-4
1.1549665786264226E-4
2.4526012998083227E-4
5.204609256576203E-4
7.173854734907937E-4
8.965229809256971E-4
1.8142756187814453E-4
3.4208660134611593E-4
3.469853227565534E-4
3.606321835352548E-4
8.875231717345036E-4
5.749323632053306E-4
7.65175028439901E-4
1.3029419859591557E-4
4.846193266473882E-5
2.034188585927583E-4
4.109578900831865E-4
7.27177767246501E-4
2.8803853684162325E-4
5.966652570361261E-4
6.457648251450512E-4
6.363499361235328E-4
3.3616006531244074E-4
1.683590820814804E-4
1.584810335007721E-4
6.95695327386724E-4
8.413298662715963E-6
2.6218052233743984E-4
2.28472067440448E-4
1.2824851220336644E-4
2.4311323258832752E-5
1.2996216135497497E-4
5.012209927892002E-4
4.1392038567504287E-4
6.421758969703524E-4
8.302931183155186E-4
5.865096468481361E-4
9.101276408339454E-4
9.437927047174624E-4
2.5492278408152674E-4
1.0449250927888708E-5
7.181813514060945E-5
2.297671158529563E-4
5.275951240816789E-4
3.890149373169412E-4
8.141556764922713E-4
4.0631040966329364E-4
5.151411675371716E-4
4.2823031253828766E-4
7.971220071860765E-4
4.7055081499537644E-4
2.1737523592443928E-4
1.8436598736159675E-4
8.364417845441467E-4
4.5230180036627336E-5
3.3548265916010265E-4
4.020836492242195E-4
1.7139068299006234E-4
8.016391720684064E-4
5.724112414247232E-4
1.8009918827801264E-4
8.025417595927896E-4
1.1503731000201852E-4
6.007054492029405E-4
9.885184728232444E-4
5.941500509175255E-4
4.681029230778409E-4
8.505106519014276E-5
2.6197486073523027E-4
4.193692059779473E-4
4.935404872632616E-4
5.618207928277005E-4
9.427386144428786E-4
2.0913805050293356E-4
9.858302919082633E-5
5.113369186113891E-4
2.9687645826033913E-4
4.3066723785783757E-4
2.5230019427868586E-5
3.436325942213919E-4
8.617424079127783E-4
4.503927434209375E-5
5.200056970707951E-4
7.208211398954284E-4
8.16738994092218E-6
8.322814547985969E-4
2.508287249760018E-5
1.0099601927048693E-4
6.66588367729418E-4
5.677513783625887E-4
7.744890957450941E-4
9.736489675098764E-4
9.463649380722672E-4
3.183113009262825E-4
9.820158838664896E-5
5.7068966522752515E-5
3.712882357067142E-5
8.960010355745092E-4
5.357665354808112E-4
8.928122303545507E-5
3.898328775845981E-4
3.828540164532592E-4
5.533523405296528E-4
9.298685687247955E-4
7.146537007755429E-4
2.4881884627431163E-4
4.29442109060541E-4
6.480956020776064E-5
9.892185407832935E-5
8.332980515153486E-4
6.336332376197876E-5
5.216340785714716E-4
8.803264726382928E-4
4.470201188113507E-4
9.762296057760035E-4
1.096621036712365E-4
3.528388576144568E-4
5.889522435845613E-4
3.6257543675956316E-4
4.069790726321092E-4
9.254242922751555E-4
5.784282501931579E-4
1.3096384001178875E-4
1.27975534256784E-4
6.999510821591158E-4
9.700397653334329E-4
1.6583224406037996E-4
8.406473307173813E-5
3.7219198536883754E-4
6.410799221767186E-5
5.856075492812027E-4
9.360566638345793E-5
2.4167377107098842E-4
9.696748494047561E-4
5.482739653654791E-4
9.835493799624326E-4
7.831481343380304E-4
7.37770031645612E-4
4.3757494412593854E-4
9.193811602480765E-4
4.7037756656599194E-4
1.2412129136061683E-4
4.8739814680331256E-4
1.8742073815095826E-4
8.861264029531682E-4
7.895958688315717E-4
7.824642473740776E-4
7.29195415965156E-4
9.935907582109599E-4
9.618249574303874E-4
3.2847816259096613E-4
7.306398145443602E-4
2.4561452891234514E-4
5.435615588497112E-4
3.4949618043420005E-4
5.933141243066188E-4
6.188540621212197E-4
2.750515057909937E-4
3.335747223550177E-4
9.225821867944125E-4
1.9554876877330018E-4
4.801374572590082E-4
2.8967824128718454E-4
2.0097201162416577E-4
5.999769270897957E-4
5.03036038709594E-4
6.310095800112216E-4
1.0278531770974393E-5
9.490057918611905E-4
2.9220537522874303E-5
6.792141144256026E-4
1.8510696202917518E-5
1.281839501505897E-4
1.1840879487567084E-4
1.7460926058753204E-4
3.555963216397449E-5
1.9920526649694418E-5
9.311953018242978E-4
4.0395600106566337E-4
8.562034047132971E-4
2.743198667315407E-4
7.742772449153485E-4
5.320123887201717E-4
9.04544184058683E-4
3.2619417377784143E-4
3.0496128410173343E-4
3.9768893735955265E-4
9.720476282770316E-4
9.922785796187567E-4
5.52800539776857E-4
6.671272686038261E-4
8.639407367777292E-4
7.669547517597166E-4
6.068413941720982E-4
5.043260557352728E-4
4.594195056539427E-5
9.213513724604432E-4
6.235645380403087E-4
9.754044444416227E-4
8.953264775767274E-4
3.420349803753173E-5
2.2349041685711005E-4
3.858758754003847E-4
6.98605183287446E-4
2.248033447410232E-5
1.2591720673750122E-4
2.491367006678874E-4
8.407060904514582E-4
8.812801937962666E-4
3.4149022795391953E-4
2.1958399199584677E-4
4.6868382656690955E-4
3.564411728048162E-4
1.1509907987444449E-4
3.484272990309182E-4
2.0018438575336218E-4
3.2906835927555886E-4
2.9552387295188836E-4
1.6188871511075862E-4
2.502214551590335E-4
5.607678102759947E-4
8.402508164427741E-4
7.623141216866308E-4
8.689781919006303E-4
3.019853506147323E-4
6.178447367858775E-4
7.910657350870325E-4
7.082164437061371E-4
7.291621933870719E-4
