0.00390219342858103
1.5813662325488945E-4
0.0065020074632150485
0.004962013164170127
0.0019934303352418356
0.006682506046377248
0.0020326348346326566
0.008989325842710305
0.006473012727597568
0.005520816915303494
0.0064759805649902465
0.008498909335775656
0.009501352356211787
0.004661549256734846
0.0011232938186487922
0.0022887978919708643
0.007523611058173498
0.004610344120496306
0.004585919114459699
0.0061795289945057365
0.0037312701163133297
0.009557388142850192
0.001574633829722277
0.007691110687834311
0.00320029858003778
0.002201279144586141
0.006594421789918662
0.008268225911711316
0.00936283607526565
0.008089565794706424
0.006663836334247712
0.0022904591869624454
0.007477645145628323
0.007402624666258862
0.007290154032444011
0.0011844955878212036
0.0035786242967465395
0.0069836096217479144
0.005566262132790161
0.0041837212796309855
0.0030736894946885485
0.0021921142031586004
0.0036203475985614477
0.008277160388471715
0.009453123957702704
0.005696158403983979
0.006523287790594063
0.0026146949285490704
0.0036629729414948105
0.0026796226895967564
0.008111419195785362
0.005734497083245725
0.007622987755965532
0.002698531358855626
8.536917993434135E-4
0.008247682305883393
0.005080462635971681
0.0021400346804125356
0.002812823454698432
0.003418614686779114
0.00454837487467616
0.002235297720547816
0.005361518527100865
0.004636987154584257
0.008031161439034498
0.009305368224149284
0.002171523161330866
0.004220363726940877
0.009297059937310653
7.417262496654047E-4
0.009289412854722894
0.006408370053692103
0.002857864173047661
0.005305004512950816
0.003143501939898676
0.009422107928490929
0.00690771099927182
0.0032544881039088054
0.007718865062570577
3.121030719277923E-4
0.005650186874442021
0.008209170004406005
0.005670489696455236
0.00447650010596706
0.009028329549970395
0.004837119798154411
0.0015425906906166387
0.009012172830479183
0.0018988117454471216
0.004774427676607228
0.004501578658534078
0.009270780952534084
5.094253775609286E-6
0.0020754094111768476
0.003609509925507281
0.009608906326814999
0.009651333072754821
0.002136415949172427
0.0030007891259798743
0.0046114849014388505
0.0014185802162047715
